eye 6.472 0 4
look 0 0 0
up -1 0 0
d 5
bounds -2 -2 2 2   
#res 4096 4096
res 128 128 
recursionLevel 5
ambient 0.2 0.2 0.2

light 2 2 2 1 0.5 0.5 0.5
light -2 -2 2 1 0.5 0.5 0.5

sphere 1 1 1 0.5 1 0.561 0 1 0.561 0 0.50 0.50 0.5 0.9 0.9 0.9 1 1 1 1
sphere -1 -1 -1 0.5 0.925 0.847 0.122 0.925 0.847 0.122 0.50 0.50 0.50 0.9 0.9 0.9 1 1 1 1
sphere 1 1 -1 0.5 0.572 0.133 0.831 0.572 0.133 0.831 0.50 0.50 0.50 0.9 0.9 0.9 1 1 1 1
sphere 1 -1 1 0.5 0.592 0.835 0.039 0.592 0.835 0.039 0.50 0.50 0.50 0.9 0.9 0.9 1 1 1 1
sphere 1 -1 -1 0.5 1 0.561 0 1 0.561 0 0.50 0.50 0.50 0.9 0.9 0.9 1 1 1 1
sphere -1 1 1 0.5 0.075 0.843 0.769 0.075 0.843 0.769 0.50 0.50 0.50 0.9 0.9 0.9 1 1 1 1
sphere -1 -1 1 0.5 1 0.561 0 1 0.561 0 0.50 0.50 0.50 0.9 0.9 0.9 1 1 1 1
sphere -1 1 -1 0.5 1 0.561 0 1 0.561 0 0.50 0.50 0.50 0.9 0.9 0.9 1 1 1 1

sphere 0.618 0 1.618 0.5 0.572 0.133 0.831 0.572 0.133 0.831 0.50 0.50 0.50 0.9 0.9 0.9 1 1 1 1
sphere 0.618 0 -1.618 0.5 0.592 0.835 0.039 0.592 0.835 0.039 0.50 0.50 0.50 0.9 0.9 0.9 1 1 1 1
sphere -0.618 0 1.618 0.5 0.925 0.847 0.122 0.925 0.847 0.122 0.50 0.50 0.50 0.9 0.9 0.9 1 1 1 1
sphere -0.618 0 -1.618 0.5 0.075 0.843 0.769 0.075 0.843 0.769 0.50 0.50 0.50 0.9 0.9 0.9 1 1 1 1

sphere 0 1.618 0.618 0.5 0.592 0.835 0.039 0.592 0.835 0.039 0.50 0.50 0.50 0.9 0.9 0.9 1 1 1 1
sphere 0 1.618 -0.618 0.5 0.925 0.847 0.122 0.925 0.847 0.122 0.50 0.50 0.50 0.9 0.9 0.9 1 1 1 1
sphere 0 -1.618 0.618 0.5 0.075 0.843 0.769 0.075 0.843 0.769 0.50 0.50 0.50 0.9 0.9 0.9 1 1 1 1
sphere 0 -1.618 -0.618 0.5 0.572 0.133 0.831 0.572 0.133 0.831  0.50 0.50 0.50 0.9 0.9 0.9 1 1 1 1

sphere 1.618 0.618 0 0.5 0.075 0.843 0.769 0.075 0.843 0.769 0.50 0.50 0.50 0.9 0.9 0.9 1 1 1 1
sphere 1.618 -0.618 0 0.5 0.925 0.847 0.122 0.925 0.847 0.122 0.50 0.50 0.50 0.9 0.9 0.9 1 1 1 1
sphere -1.618 0.618 0 0.5 0.572 0.133 0.831 0.572 0.133 0.831 0.50 0.50 0.50 0.9 0.9 0.9 1 1 1 1
sphere -1.618 -0.618 0 0.5 0.592 0.835 0.039 0.592 0.835 0.039  0.50 0.50 0.50 0.9 0.9 0.9 1 1 1 1

sphere 0 0 0 0.5 0.2 0.2 0.2 1.0 1.0 1.0 0.50 0.50 0.50 0.9 0.9 0.9 1 1 1 1
